70
70
70
70
70
70
70
70
70
70
70
70
70
70
70
70
70
70
70
70
70
70
70
70
70
70
70
70
70
70
70
70
70
70
70
70
70
70
70
70
70
70
70
70
70
70
70
70
70
70
70
70
70
70
70
70
70
70
70
70
70
70
70
70
70
70
70
70
70
70
70
70
70
70
70
70
70
70
70
70
70
70
70
70
70
70
70
70
70
70
70
70
82
66
67
75
13
10
54
56
69
90
51
50
56
32
68
114
97
103
111
110
66
97
108
108
69
90
32
115
117
112
112
111
114
116
32
40
67
41
32
49
57
57
57
32
82
116
45
67
111
110
116
114
111
108
44
32
73
110
99
13
10
15
13
13
10
13
10
117
67
108
105
110
117
120
47
77
67
54
56
69
90
51
50
56
13
10
70
108
97
116
32
109
111
100
101
108
32
115
117
112
112
111
114
116
32
40
67
41
32
49
57
57
56
44
49
57
57
57
32
75
101
110
110
101
116
104
32
65
108
98
97
110
111
119
115
107
105
44
32
68
46
32
74
101
102
102
32
68
105
111
110
110
101
13
10
80
97
108
109
86
32
115
117
112
112
111
114
116
32
98
121
32
76
105
110
101
111
32
73
110
99
46
32
60
106
101
102
102
64
117
67
108
105
110
117
120
46
99
111
109
62
13
10
67
97
108
105
98
114
97
116
105
110
103
32
100
101
108
97
121
32
108
111
111
112
46
46
32
111
107
32
45
32
51
46
57
54
32
66
111
103
111
77
73
80
83
13
10
77
101
109
111
114
121
32
97
118
97
105
108
97
98
108
101
58
32
49
53
54
48
107
47
49
55
55
53
107
32
82
65
77
44
32
48
107
47
48
107
32
82
79
77
32
40
50
53
53
107
32
107
101
114
110
101
108
32
99
111
100
101
44
32
52
55
50
107
32
100
97
116
97
41
13
10
83
119
97
110
115
101
97
32
85
110
105
118
101
114
115
105
116
121
32
67
111
109
112
117
116
101
114
32
83
111
99
105
101
116
121
32
78
69
84
51
46
48
51
53
32
102
111
114
32
76
105
110
117
120
32
50
46
48
13
10
78
69
84
51
58
32
85
110
105
120
32
100
111
109
97
105
110
32
115
111
99
107
101
116
115
32
48
46
49
51
32
102
111
114
32
76
105
110
117
120
32
78
69
84
51
46
48
51
53
46
13
10
117
67
108
105
110
117
120
32
118
101
114
115
105
111
110
32
50
46
48
46
51
56
46
49
32
40
100
97
118
105
100
109
64
98
101
97
115
116
46
105
110
116
101
114
110
97
108
46
109
111
114
101
116
111
110
46
99
111
109
46
97
117
41
32
40
103
99
99
32
118
101
114
115
105
111
110
32
50
46
57
53
46
51
32
50
48
48
49
48
51
49
53
32
40
114
101
108
101
97
115
101
41
40
67
111
108
100
70
105
114
101
32
112
97
116
99
104
101
115
32
45
32
50
48
48
49
48
51
49
56
32
102
114
111
109
32
104
116
116
112
58
47
47
102
105
100
100
101
115
46
110
101
116
47
99
111
108
100
102
105
114
101
47
41
40
45
109
115
101
112
45
100
97
116
97
32
112
97
116
99
104
101
115
41
41
32
57
50
55
32
84
104
117
32
83
101
112
32
50
55
32
49
56
58
49
48
58
49
57
32
69
83
84
32
50
48
48
49
13
10
77
67
54
56
51
50
56
32
115
101
114
105
97
108
32
100
114
105
118
101
114
32
118
101
114
115
105
111
110
32
49
46
48
48
13
10
116
116
121
83
48
32
97
116
32
48
120
102
102
102
102
102
57
48
48
32
40
105
114
113
32
61
32
54
52
41
32
105
115
32
97
32
98
117
105
108
116
105
110
32
77
67
54
56
51
50
56
32
85
65
82
84
13
10
82
97
109
100
105
115
107
32
100
114
105
118
101
114
32
105
110
105
116
105
97
108
105
122
101
100
32
58
32
49
54
32
114
97
109
100
105
115
107
115
32
111
102
32
52
48
57
54
75
32
115
105
122
101
13
10
66
108
107
109
101
109
32
99
111
112
121
114
105
103
104
116
32
49
57
57
56
44
49
57
57
57
32
68
46
32
74
101
102
102
32
68
105
111
110
110
101
13
10
66
108
107
109
101
109
32
99
111
112
121
114
105
103
104
116
32
49
57
57
56
32
75
101
110
110
101
116
104
32
65
108
98
97
110
111
119
115
107
105
13
10
66
108
107
109
101
109
32
49
32
100
105
115
107
32
105
109
97
103
101
115
58
13
10
48
58
32
53
55
68
57
48
45
54
67
57
56
70
32
40
82
79
41
13
10
86
70
83
58
32
77
111
117
110
116
101
100
32
114
111
111
116
32
40
114
111
109
102
115
32
102
105
108
101
115
121
115
116
101
109
41
32
114
101
97
100
111
110
108
121
46
13
10
83
104
101
108
108
32
105
110
118
111
107
101
100
32
116
111
32
114
117
110
32
102
105
108
101
58
32
47
101
116
99
47
114
99
13
10
67
111
109
109
97
110
100
58
32
104
111
115
116
110
97
109
101
32
80
97
108
109
73
73
73
120
13
10
67
111
109
109
97
110
100
58
32
47
98
105
110
47
101
120
112
97
110
100
32
47
101
116
99
47
114
97
109
102
115
46
105
109
103
32
47
100
101
118
47
114
97
109
48
13
10
67
111
109
109
97
110
100
58
32
109
111
117
110
116
32
45
116
32
112
114
111
99
32
112
114
111
99
32
47
112
114
111
99
13
10
67
111
109
109
97
110
100
58
32
109
111
117
110
116
32
45
116
32
101
120
116
50
32
47
100
101
118
47
114
97
109
48
32
47
118
97
114
13
10
67
111
109
109
97
110
100
58
32
109
107
100
105
114
32
47
118
97
114
47
116
109
112
13
10
67
111
109
109
97
110
100
58
32
109
107
100
105
114
32
47
118
97
114
47
108
111
103
13
10
67
111
109
109
97
110
100
58
32
109
107
100
105
114
32
47
118
97
114
47
114
117
110
13
10
67
111
109
109
97
110
100
58
32
99
97
116
32
47
101
116
99
47
109
111
116
100
13
10
87
101
108
99
111
109
101
32
116
111
13
10
32
32
32
32
32
32
32
32
32
32
95
95
95
95
32
95
32
32
95
13
10
32
32
32
32
32
32
32
32
32
47
32
32
95
95
124
32
124
124
95
124
32
32
32
32
32
32
32
32
32
32
32
32
32
32
32
32
32
13
10
32
32
32
32
95
32
32
32
95
124
32
124
32
32
124
32
124
32
95
32
95
95
95
95
32
32
95
32
32
32
95
32
32
95
32
32
95
32
13
10
32
32
32
124
32
124
32
124
32
124
32
124
32
32
124
32
124
124
32
124
32
32
95
32
92
124
32
124
32
124
32
124
92
32
92
47
32
47
13
10
32
32
32
124
32
124
95
124
32
124
32
124
95
95
124
32
124
124
32
124
32
124
32
124
32
124
32
124
95
124
32
124
47
32
32
32
32
92
13
10
32
32
32
124
32
32
95
95
95
92
95
95
95
95
124
95
124
124
95
124
95
124
32
124
95
124
92
95
95
95
95
124
92
95
47
92
95
47
13
10
32
32
32
124
32
124
13
10
32
32
32
124
95
124
13
10
13
10
70
111
114
32
102
117
114
116
104
101
114
32
105
110
102
111
114
109
97
116
105
111
110
32
99
104
101
99
107
58
13
10
104
116
116
112
58
47
47
119
119
119
46
117
99
108
105
110
117
120
46
111
114
103
47
13
10
13
10
69
120
101
99
117
116
105
111
110
32
70
105
110
105
115
104
101
100
44
32
69
120
105
116
105
110
103
13
10
13
10
83
97
115
104
32
99
111
109
109
97
110
100
32
115
104
101
108
108
32
40
118
101
114
115
105
111
110
32
49
46
49
46
49
41
13
10
47
62
32
